0 0 0 0 0.00861496 -0.0800125 -0.319989 0 -0.0690307 -0.0690389 
0 1 0 0 0.00180686 -0.0700079 -0.329991 0 -0.0345037 -0.0345084 
0 2 0 0 0.0127105 -0.0450035 -0.329991 0 -0.0344975 -0.0517651 
0 3 0 0 0.00155067 -0.0400036 -0.33999 0 9.14409e-15 0.0658779 
0 4 0 0 0.0225858 0.0249991 -0.329991 0 -0.0329127 -0.04938 
1 0 0 0 -0.0522657 -0.0249965 -0.139543 0 9.14409e-15 0.0517667 
1 1 0 0 -0.0472711 -0.0249965 -0.129634 0 9.14409e-15 0.0517823 
1 2 0 0 -0.048174 -0.0199981 -0.129634 0 9.14409e-15 0.034519 
1 3 0 0 -0.0473969 -0.0149986 -0.124675 0 0.0164031 0.0493772 
1 4 0 0 -0.0473958 -0.0149986 -0.129634 0 9.14409e-15 0.0493976 
